
The following examples are available in the frmts.py module within arraytools.

They give you different ways of viewing the same array data.  I wanted to offer some
alternatives to the standard presentation.  These include delining the output and placing the 
different dimensions on the same row horizontally rather than vertically.


a = _demo_array()  # ---- just a small array for demonstration purposes ----

a  # ---- the basic array ----
array([[[[  0,   1,   2,   3,   4],
         [  5,   6,   7,   8,   9],
         [ 10,  11,  12,  13,  14],
         [ 15,  16,  17,  18,  19]],

        [[ 20,  21,  22,  23,  24],
         [ 25,  26,  27,  28,  29],
         [ 30,  31,  32,  33,  34],
         [ 35,  36,  37,  38,  39]],

        [[ 40,  41,  42,  43,  44],
         [ 45,  46,  47,  48,  49],
         [ 50,  51,  52,  53,  54],
         [ 55,  56,  57,  58,  59]]],


       [[[ 60,  61,  62,  63,  64],
         [ 65,  66,  67,  68,  69],
         [ 70,  71,  72,  73,  74],
         [ 75,  76,  77,  78,  79]],

        [[ 80,  81,  82,  83,  84],
         [ 85,  86,  87,  88,  89],
         [ 90,  91,  92,  93,  94],
         [ 95,  96,  97,  98,  99]],

        [[100, 101, 102, 103, 104],
         [105, 106, 107, 108, 109],
         [110, 111, 112, 113, 114],
         [115, 116, 117, 118, 119]]]])

# ---- frmt_ presenting a horizontal view of the array

frmt_(a, deci=0, wdth=80, title='frmt_ demo', prefix=' .', prn=True)  # the basics
frmt_ demo...
-shape (2, 3, 4, 5), ndim 4
-------------------------
-(0, + (3, 4, 5)
 .   0   1   2   3   4    20  21  22  23  24    40  41  42  43  44  
 .   5   6   7   8   9    25  26  27  28  29    45  46  47  48  49  
 .  10  11  12  13  14    30  31  32  33  34    50  51  52  53  54  
 .  15  16  17  18  19    35  36  37  38  39    55  56  57  58  59  
-------------------------
-(1, + (3, 4, 5)
 .  60  61  62  63  64    80  81  82  83  84   100 101 102 103 104  
 .  65  66  67  68  69    85  86  87  88  89   105 106 107 108 109  
 .  70  71  72  73  74    90  91  92  93  94   110 111 112 113 114  
 .  75  76  77  78  79    95  96  97  98  99   115 116 117 118 119  


# ---- form_ presenting a horizontal view of the array, similar to frmt_

form_(a, deci=0, wdth=80, title='form_ demo', prefix='. . ', prn=True)

form_ demo... ndim: 4  shape: (2, 3, 4, 5)

:arr[0, :3, :4, :5]
. .    0   1   2   3   4    20  21  22  23  24    40  41  42  43  44
. .    5   6   7   8   9    25  26  27  28  29    45  46  47  48  49
. .   10  11  12  13  14    30  31  32  33  34    50  51  52  53  54
. .   15  16  17  18  19    35  36  37  38  39    55  56  57  58  59

:arr[1, :3, :4, :5]
. .   60  61  62  63  64    80  81  82  83  84   100 101 102 103 104
. .   65  66  67  68  69    85  86  87  88  89   105 106 107 108 109
. .   70  71  72  73  74    90  91  92  93  94   110 111 112 113 114
. .   75  76  77  78  79    95  96  97  98  99   115 116 117 118 119


# ---- deline... removing extraneous lines from the array with an alternate prefix

deline(a, header='deline demo', prefix='  .', prn=True)
deline demo
Main array... 
shape: (2, 3, 4, 5)
:arr[0, :3, :4, :5]
  .[[[ 0  1  2  3  4]
  .  [ 5  6  7  8  9]
  .  [10 11 12 13 14]
  .  [15 16 17 18 19]]
  . [[20 21 22 23 24]
  .  [25 26 27 28 29]
  .  [30 31 32 33 34]
  .  [35 36 37 38 39]]
  . [[40 41 42 43 44]
  .  [45 46 47 48 49]
  .  [50 51 52 53 54]
  .  [55 56 57 58 59]]]
:arr[1, :3, :4, :5]
  .[[[ 60  61  62  63  64]
  .  [ 65  66  67  68  69]
  .  [ 70  71  72  73  74]
  .  [ 75  76  77  78  79]]
  . [[ 80  81  82  83  84]
  .  [ 85  86  87  88  89]
  .  [ 90  91  92  93  94]
  .  [ 95  96  97  98  99]]
  . [[100 101 102 103 104]
  .  [105 106 107 108 109]
  .  [110 111 112 113 114]
  .  [115 116 117 118 119]]]


# ---- in_by .... provide an indentation option with line numbers and a prefix....

in_by(a, hdr='in_by demo', nums=True, prefix= ' .', prn=True)

in_by demo
00 .[[[[  0   1   2   3   4]
01 .   [  5   6   7   8   9]
02 .   [ 10  11  12  13  14]
03 .   [ 15  16  17  18  19]]
04 .
05 .  [[ 20  21  22  23  24]
06 .   [ 25  26  27  28  29]
07 .   [ 30  31  32  33  34]
08 .   [ 35  36  37  38  39]]
09 .
10 .  [[ 40  41  42  43  44]
11 .   [ 45  46  47  48  49]
12 .   [ 50  51  52  53  54]
13 .   [ 55  56  57  58  59]]]
14 .
15 .
16 . [[[ 60  61  62  63  64]
17 .   [ 65  66  67  68  69]
18 .   [ 70  71  72  73  74]
19 .   [ 75  76  77  78  79]]
20 .
21 .  [[ 80  81  82  83  84]
22 .   [ 85  86  87  88  89]
23 .   [ 90  91  92  93  94]
24 .   [ 95  96  97  98  99]]
25 .
26 .  [[100 101 102 103 104]
27 .   [105 106 107 108 109]
28 .   [110 111 112 113 114]
29 .   [115 116 117 118 119]]]]
